0.000000000000000000e+00	0.000000000000000000e+00
0.000000000000000000e+00	8.944543828264758540e-04
0.000000000000000000e+00	8.228980322003577597e-02
8.976660682226212176e-04	8.228980322003577597e-02
8.976660682226212176e-04	1.359570661896243315e-01
1.795332136445242435e-03	1.359570661896243315e-01
1.795332136445242435e-03	1.413237924865831940e-01
2.692998204667863653e-03	1.413237924865831940e-01
2.692998204667863653e-03	2.164579606440071580e-01
3.590664272890484870e-03	2.164579606440071580e-01
3.590664272890484870e-03	2.647584973166368649e-01
3.590664272890484870e-03	2.665474060822898283e-01
3.590664272890484870e-03	2.826475849731663881e-01
4.488330341113106088e-03	2.826475849731663881e-01
4.488330341113106088e-03	2.862254025044722594e-01
6.283662477558348523e-03	2.862254025044722594e-01
6.283662477558348523e-03	3.112701252236135807e-01
7.181328545780969741e-03	3.112701252236135807e-01
7.181328545780969741e-03	3.586762075134168337e-01
8.078994614003590091e-03	3.586762075134168337e-01
8.078994614003590091e-03	4.615384615384615641e-01
8.976660682226212176e-03	4.615384615384615641e-01
8.976660682226212176e-03	4.713774597495527519e-01
9.874326750448832526e-03	4.713774597495527519e-01
9.874326750448832526e-03	6.144901610017888816e-01
1.077199281867145461e-02	6.144901610017888816e-01
1.077199281867145461e-02	6.162790697674418450e-01
1.166965888689407496e-02	6.162790697674418450e-01
1.166965888689407496e-02	6.529516994633273175e-01
1.256732495511669705e-02	6.529516994633273175e-01
1.256732495511669705e-02	6.681574239713774510e-01
1.346499102333931740e-02	6.681574239713774510e-01
1.346499102333931740e-02	6.833631484794275845e-01
1.436265709156193948e-02	6.833631484794275845e-01
1.436265709156193948e-02	7.048300536672629235e-01
1.526032315978455983e-02	7.048300536672629235e-01
1.526032315978455983e-02	7.075134168157424241e-01
1.615798922800718018e-02	7.075134168157424241e-01
1.615798922800718018e-02	7.218246869409660205e-01
1.705565529622980400e-02	7.218246869409660205e-01
1.705565529622980400e-02	7.236135957066189839e-01
1.795332136445242435e-02	7.236135957066189839e-01
1.795332136445242435e-02	7.298747763864043003e-01
1.885098743267504470e-02	7.298747763864043003e-01
1.885098743267504470e-02	7.370304114490161540e-01
1.974865350089766505e-02	7.370304114490161540e-01
1.974865350089766505e-02	7.388193202146690064e-01
2.064631956912028887e-02	7.388193202146690064e-01
2.064631956912028887e-02	7.558139534883721034e-01
2.244165170556552957e-02	7.558139534883721034e-01
2.244165170556552957e-02	7.737030411449016265e-01
2.333931777378814992e-02	7.737030411449016265e-01
2.333931777378814992e-02	7.754919499105545899e-01
2.423698384201077027e-02	7.754919499105545899e-01
2.423698384201077027e-02	7.763864042933810161e-01
2.513464991023339409e-02	7.763864042933810161e-01
2.513464991023339409e-02	7.969588550983899289e-01
2.603231597845601444e-02	7.969588550983899289e-01
2.603231597845601444e-02	7.978533094812164661e-01
2.692998204667863479e-02	7.978533094812164661e-01
2.692998204667863479e-02	7.996422182468694295e-01
2.872531418312387896e-02	7.996422182468694295e-01
2.872531418312387896e-02	8.005366726296958557e-01
2.962298025134649931e-02	8.005366726296958557e-01
2.962298025134649931e-02	8.112701252236136362e-01
3.052064631956911966e-02	8.112701252236136362e-01
3.052064631956911966e-02	8.139534883720930258e-01
3.141831238779174001e-02	8.139534883720930258e-01
3.141831238779174001e-02	8.237924865831842691e-01
3.321364452423698072e-02	8.237924865831842691e-01
3.321364452423698072e-02	8.264758497316636587e-01
3.411131059245960800e-02	8.264758497316636587e-01
3.411131059245960800e-02	8.479427549194991087e-01
3.500897666068222835e-02	8.479427549194991087e-01
3.500897666068222835e-02	8.506261180679784983e-01
3.590664272890484870e-02	8.506261180679784983e-01
3.590664272890484870e-02	8.577817531305903520e-01
3.680430879712746906e-02	8.577817531305903520e-01
3.680430879712746906e-02	8.586762075134167782e-01
3.770197486535008941e-02	8.586762075134167782e-01
3.770197486535008941e-02	8.595706618962433154e-01
3.859964093357270976e-02	8.595706618962433154e-01
3.859964093357270976e-02	8.622540250447227050e-01
3.949730700179533011e-02	8.622540250447227050e-01
3.949730700179533011e-02	8.649373881932020947e-01
4.129263913824057775e-02	8.649373881932020947e-01
4.129263913824057775e-02	8.676207513416815953e-01
4.308797127468581845e-02	8.676207513416815953e-01
4.308797127468581845e-02	8.685152057245080215e-01
4.398563734290843880e-02	8.685152057245080215e-01
4.398563734290843880e-02	8.756708407871198752e-01
4.488330341113105915e-02	8.756708407871198752e-01
4.488330341113105915e-02	8.765652951699463014e-01
4.757630161579892020e-02	8.765652951699463014e-01
4.757630161579892020e-02	8.783542039355992648e-01
4.937163375224416784e-02	8.783542039355992648e-01
4.937163375224416784e-02	8.810375670840787654e-01
5.475763016157988994e-02	8.810375670840787654e-01
5.475763016157988994e-02	8.819320214669051916e-01
5.565529622980251029e-02	8.819320214669051916e-01
5.565529622980251029e-02	8.828264758497316178e-01
5.655296229802513758e-02	8.828264758497316178e-01
5.655296229802513758e-02	8.855098389982111184e-01
5.745062836624775793e-02	8.855098389982111184e-01
5.745062836624775793e-02	8.872987477638640819e-01
5.834829443447037828e-02	8.872987477638640819e-01
5.834829443447037828e-02	8.881932021466905081e-01
6.014362657091561898e-02	8.881932021466905081e-01
6.014362657091561898e-02	8.899821109123434715e-01
6.104129263913823933e-02	8.899821109123434715e-01
6.104129263913823933e-02	8.908765652951698977e-01
6.373429084380610732e-02	8.908765652951698977e-01
6.373429084380610732e-02	8.926654740608228611e-01
6.552962298025134802e-02	8.926654740608228611e-01
6.552962298025134802e-02	9.025044722719141044e-01
6.642728904847396143e-02	9.025044722719141044e-01
6.642728904847396143e-02	9.033989266547406416e-01
7.001795332136445671e-02	9.033989266547406416e-01
7.001795332136445671e-02	9.042933810375670678e-01
7.181328545780969741e-02	9.042933810375670678e-01
7.181328545780969741e-02	9.051878354203936050e-01
7.271095152603231082e-02	9.051878354203936050e-01
7.271095152603231082e-02	9.060822898032200312e-01
7.360861759425493811e-02	9.060822898032200312e-01
7.360861759425493811e-02	9.069767441860464574e-01
7.540394973070017881e-02	9.069767441860464574e-01
7.540394973070017881e-02	9.078711985688729946e-01
7.630161579892280610e-02	9.078711985688729946e-01
7.630161579892280610e-02	9.105545617173523842e-01
7.809694793536804680e-02	9.105545617173523842e-01
7.809694793536804680e-02	9.123434704830053477e-01
7.899461400359066021e-02	9.123434704830053477e-01
7.899461400359066021e-02	9.141323792486583111e-01
8.438061041292639619e-02	9.141323792486583111e-01
8.438061041292639619e-02	9.168157423971377007e-01
8.527827648114900960e-02	9.168157423971377007e-01
8.527827648114900960e-02	9.177101967799642379e-01
8.617594254937163689e-02	9.177101967799642379e-01
8.617594254937163689e-02	9.194991055456172013e-01
8.976660682226211829e-02	9.194991055456172013e-01
8.976660682226211829e-02	9.203935599284436275e-01
9.156193895870735899e-02	9.203935599284436275e-01
9.156193895870735899e-02	9.212880143112701647e-01
9.515260323159784039e-02	9.212880143112701647e-01
9.515260323159784039e-02	9.221824686940965909e-01
9.605026929982046768e-02	9.221824686940965909e-01
9.605026929982046768e-02	9.230769230769231282e-01
9.874326750448833567e-02	9.230769230769231282e-01
9.874326750448833567e-02	9.239713774597495544e-01
9.964093357271094908e-02	9.239713774597495544e-01
9.964093357271094908e-02	9.257602862254025178e-01
1.005385996409335764e-01	9.257602862254025178e-01
1.005385996409335764e-01	9.266547406082289440e-01
1.023339317773788171e-01	9.266547406082289440e-01
1.023339317773788171e-01	9.275491949910554812e-01
1.032315978456014305e-01	9.275491949910554812e-01
1.032315978456014305e-01	9.284436493738819074e-01
1.041292639138240578e-01	9.284436493738819074e-01
1.041292639138240578e-01	9.293381037567084446e-01
1.050269299820466851e-01	9.293381037567084446e-01
1.050269299820466851e-01	9.311270125223614080e-01
1.068222621184919258e-01	9.311270125223614080e-01
1.068222621184919258e-01	9.347048300536672238e-01
1.077199281867145392e-01	9.347048300536672238e-01
1.077199281867145392e-01	9.355992844364937611e-01
1.086175942549371665e-01	9.355992844364937611e-01
1.086175942549371665e-01	9.373881932021467245e-01
1.095152603231597799e-01	9.373881932021467245e-01
1.095152603231597799e-01	9.382826475849731507e-01
1.104129263913824072e-01	9.382826475849731507e-01
1.104129263913824072e-01	9.409660107334525403e-01
1.131059245960502752e-01	9.409660107334525403e-01
1.131059245960502752e-01	9.418604651162790775e-01
1.175942549371633700e-01	9.418604651162790775e-01
1.175942549371633700e-01	9.436493738819320409e-01
1.184919210053859973e-01	9.436493738819320409e-01
1.184919210053859973e-01	9.445438282647584671e-01
1.193895870736086107e-01	9.445438282647584671e-01
1.193895870736086107e-01	9.463327370304114305e-01
1.229802513464991059e-01	9.463327370304114305e-01
1.229802513464991059e-01	9.472271914132379678e-01
1.238779174147217194e-01	9.472271914132379678e-01
1.238779174147217194e-01	9.481216457960643940e-01
1.373429084380610454e-01	9.481216457960643940e-01
1.373429084380610454e-01	9.499105545617173574e-01
1.382405745062836588e-01	9.499105545617173574e-01
1.382405745062836588e-01	9.508050089445437836e-01
1.409335727109515268e-01	9.508050089445437836e-01
1.409335727109515268e-01	9.516994633273703208e-01
1.427289048473967814e-01	9.516994633273703208e-01
1.427289048473967814e-01	9.525939177101967470e-01
1.490125673249551030e-01	9.525939177101967470e-01
1.490125673249551030e-01	9.534883720930232842e-01
1.561938958707360936e-01	9.534883720930232842e-01
1.561938958707360936e-01	9.543828264758497104e-01
1.588868940754039616e-01	9.543828264758497104e-01
1.588868940754039616e-01	9.561717352415026738e-01
1.678635547576301512e-01	9.561717352415026738e-01
1.678635547576301512e-01	9.570661896243292110e-01
1.723518850987432738e-01	9.570661896243292110e-01
1.723518850987432738e-01	9.579606440071556372e-01
1.750448833034111418e-01	9.579606440071556372e-01
1.750448833034111418e-01	9.597495527728086007e-01
1.965888689407540302e-01	9.597495527728086007e-01
1.965888689407540302e-01	9.606440071556350269e-01
2.217235188509874277e-01	9.606440071556350269e-01
2.217235188509874277e-01	9.615384615384615641e-01
2.333931777378815131e-01	9.615384615384615641e-01
2.333931777378815131e-01	9.624329159212879903e-01
2.405745062836624759e-01	9.624329159212879903e-01
2.405745062836624759e-01	9.633273703041145275e-01
2.414721723518850893e-01	9.633273703041145275e-01
2.414721723518850893e-01	9.642218246869409537e-01
2.513464991023339201e-01	9.642218246869409537e-01
2.513464991023339201e-01	9.651162790697674909e-01
2.567324955116696561e-01	9.651162790697674909e-01
2.567324955116696561e-01	9.660107334525939171e-01
2.594254937163374963e-01	9.660107334525939171e-01
2.594254937163374963e-01	9.669051878354203433e-01
2.639138240574506189e-01	9.669051878354203433e-01
2.639138240574506189e-01	9.686940966010733067e-01
2.666068222621185146e-01	9.686940966010733067e-01
2.666068222621185146e-01	9.695885509838998439e-01
2.692998204667863549e-01	9.695885509838998439e-01
2.692998204667863549e-01	9.704830053667262701e-01
2.728904847396768640e-01	9.704830053667262701e-01
2.728904847396768640e-01	9.713774597495528074e-01
2.755834829443447043e-01	9.713774597495528074e-01
2.755834829443447043e-01	9.722719141323792336e-01
2.827648114901256671e-01	9.722719141323792336e-01
2.827648114901256671e-01	9.731663685152057708e-01
2.854578096947935628e-01	9.731663685152057708e-01
2.854578096947935628e-01	9.740608228980321970e-01
3.043087971274685555e-01	9.740608228980321970e-01
3.043087971274685555e-01	9.749552772808586232e-01
3.070017953321364512e-01	9.749552772808586232e-01
3.070017953321364512e-01	9.767441860465115866e-01
3.348294434470376890e-01	9.767441860465115866e-01
3.348294434470376890e-01	9.776386404293381238e-01
3.357271095152603024e-01	9.776386404293381238e-01
3.357271095152603024e-01	9.785330948121645500e-01
3.393177737881508116e-01	9.785330948121645500e-01
3.393177737881508116e-01	9.794275491949910872e-01
4.012567324955116921e-01	9.794275491949910872e-01
4.012567324955116921e-01	9.812164579606440507e-01
4.497307001795332049e-01	9.812164579606440507e-01
4.497307001795332049e-01	9.821109123434704768e-01
4.631956912028725171e-01	9.821109123434704768e-01
4.631956912028725171e-01	9.830053667262970141e-01
4.847396768402154610e-01	9.830053667262970141e-01
4.847396768402154610e-01	9.838998211091234403e-01
4.991023339317773866e-01	9.838998211091234403e-01
4.991023339317773866e-01	9.847942754919498665e-01
5.035906642728904536e-01	9.847942754919498665e-01
5.035906642728904536e-01	9.856887298747764037e-01
5.098743267504488585e-01	9.856887298747764037e-01
5.098743267504488585e-01	9.865831842576028299e-01
5.125673249551166988e-01	9.865831842576028299e-01
5.125673249551166988e-01	9.874776386404293671e-01
5.601436265709156537e-01	9.874776386404293671e-01
5.601436265709156537e-01	9.883720930232557933e-01
6.023339317773788171e-01	9.883720930232557933e-01
6.023339317773788171e-01	9.892665474060823305e-01
6.122082585278276756e-01	9.892665474060823305e-01
6.122082585278276756e-01	9.901610017889087567e-01
6.256732495511669878e-01	9.901610017889087567e-01
6.256732495511669878e-01	9.910554561717352939e-01
6.346499102333932330e-01	9.910554561717352939e-01
6.346499102333932330e-01	9.919499105545617201e-01
6.373429084380610732e-01	9.919499105545617201e-01
6.373429084380610732e-01	9.928443649373881463e-01
6.588868940754039061e-01	9.928443649373881463e-01
6.588868940754039061e-01	9.937388193202146836e-01
6.858168761220825305e-01	9.937388193202146836e-01
6.858168761220825305e-01	9.946332737030411097e-01
6.894075403949730951e-01	9.946332737030411097e-01
6.894075403949730951e-01	9.955277280858676470e-01
6.965888689407540024e-01	9.955277280858676470e-01
6.965888689407540024e-01	9.964221824686940732e-01
6.992818671454219537e-01	9.964221824686940732e-01
6.992818671454219537e-01	9.973166368515206104e-01
7.253141831238779647e-01	9.973166368515206104e-01
7.253141831238779647e-01	9.982110912343470366e-01
7.504488330341113622e-01	9.982110912343470366e-01
7.504488330341113622e-01	9.991055456171735738e-01
8.285457809694793951e-01	9.991055456171735738e-01
8.285457809694793951e-01	1.000000000000000000e+00
1.000000000000000000e+00	1.000000000000000000e+00
