0.000000000000000000e+00	0.000000000000000000e+00
0.000000000000000000e+00	1.179245283018867880e-03
0.000000000000000000e+00	5.035377358490565891e-01
1.148105625717566044e-03	5.035377358490565891e-01
1.148105625717566044e-03	5.224056603773584717e-01
3.444316877152697916e-03	5.224056603773584717e-01
3.444316877152697916e-03	5.660377358490565891e-01
4.592422502870264177e-03	5.660377358490565891e-01
4.592422502870264177e-03	5.707547169811321153e-01
5.740528128587830438e-03	5.707547169811321153e-01
5.740528128587830438e-03	5.719339622641509413e-01
6.888633754305395832e-03	5.719339622641509413e-01
6.888633754305395832e-03	5.754716981132075304e-01
8.036739380022962093e-03	5.754716981132075304e-01
8.036739380022962093e-03	5.825471698113207086e-01
9.184845005740528354e-03	5.825471698113207086e-01
9.184845005740528354e-03	5.837264150943396457e-01
1.033295063145809461e-02	5.837264150943396457e-01
1.033295063145809461e-02	5.990566037735849392e-01
1.148105625717566088e-02	5.990566037735849392e-01
1.148105625717566088e-02	6.143867924528302327e-01
1.262916188289322540e-02	6.143867924528302327e-01
1.262916188289322540e-02	6.179245283018868218e-01
1.377726750861079166e-02	6.179245283018868218e-01
1.377726750861079166e-02	6.391509433962264675e-01
1.492537313432835792e-02	6.391509433962264675e-01
1.492537313432835792e-02	6.533018867924528239e-01
1.722158438576348871e-02	6.533018867924528239e-01
1.722158438576348871e-02	6.580188679245283501e-01
1.951779563719862123e-02	6.580188679245283501e-01
1.951779563719862123e-02	6.591981132075471761e-01
2.066590126291618923e-02	6.591981132075471761e-01
2.066590126291618923e-02	6.662735849056603543e-01
2.181400688863375376e-02	6.662735849056603543e-01
2.181400688863375376e-02	6.721698113207547065e-01
2.296211251435132175e-02	6.721698113207547065e-01
2.296211251435132175e-02	6.804245283018868218e-01
2.411021814006888628e-02	6.804245283018868218e-01
2.411021814006888628e-02	6.827830188679244738e-01
2.640642939150401880e-02	6.827830188679244738e-01
2.640642939150401880e-02	6.863207547169811740e-01
2.755453501722158333e-02	6.863207547169811740e-01
2.755453501722158333e-02	6.922169811320755262e-01
2.870264064293915132e-02	6.922169811320755262e-01
2.870264064293915132e-02	6.992924528301887044e-01
2.985074626865671585e-02	6.992924528301887044e-01
2.985074626865671585e-02	7.004716981132075304e-01
3.099885189437428384e-02	7.004716981132075304e-01
3.099885189437428384e-02	7.087264150943396457e-01
3.559127439724454889e-02	7.087264150943396457e-01
3.559127439724454889e-02	7.122641509433962348e-01
3.788748564867967794e-02	7.122641509433962348e-01
3.788748564867967794e-02	7.146226415094339979e-01
3.903559127439724247e-02	7.146226415094339979e-01
3.903559127439724247e-02	7.193396226415094130e-01
4.018369690011481393e-02	7.193396226415094130e-01
4.018369690011481393e-02	7.287735849056603543e-01
4.133180252583237846e-02	7.287735849056603543e-01
4.133180252583237846e-02	7.441037735849056478e-01
4.247990815154994299e-02	7.441037735849056478e-01
4.247990815154994299e-02	7.452830188679244738e-01
4.362801377726750751e-02	7.452830188679244738e-01
4.362801377726750751e-02	7.476415094339622369e-01
4.477611940298507204e-02	7.476415094339622369e-01
4.477611940298507204e-02	7.535377358490565891e-01
4.592422502870264350e-02	7.535377358490565891e-01
4.592422502870264350e-02	7.582547169811321153e-01
4.822043628013777256e-02	7.582547169811321153e-01
4.822043628013777256e-02	7.594339622641509413e-01
4.936854190585533708e-02	7.594339622641509413e-01
4.936854190585533708e-02	7.606132075471697673e-01
5.051664753157290161e-02	7.606132075471697673e-01
5.051664753157290161e-02	7.735849056603774088e-01
5.396096440872560213e-02	7.735849056603774088e-01
5.396096440872560213e-02	7.747641509433962348e-01
5.510907003444316665e-02	7.747641509433962348e-01
5.510907003444316665e-02	7.783018867924528239e-01
5.740528128587830264e-02	7.783018867924528239e-01
5.740528128587830264e-02	7.853773584905660021e-01
5.855338691159586717e-02	7.853773584905660021e-01
5.855338691159586717e-02	7.924528301886792914e-01
5.970149253731343170e-02	7.924528301886792914e-01
5.970149253731343170e-02	8.030660377358490587e-01
6.199770378874856769e-02	8.030660377358490587e-01
6.199770378874856769e-02	8.077830188679244738e-01
6.314580941446612528e-02	8.077830188679244738e-01
6.314580941446612528e-02	8.101415094339622369e-01
6.429391504018369674e-02	8.101415094339622369e-01
6.429391504018369674e-02	8.125000000000000000e-01
6.544202066590126821e-02	8.125000000000000000e-01
6.544202066590126821e-02	8.136792452830188260e-01
6.659012629161882579e-02	8.136792452830188260e-01
6.659012629161882579e-02	8.148584905660377631e-01
6.773823191733639726e-02	8.148584905660377631e-01
6.773823191733639726e-02	8.160377358490565891e-01
6.888633754305395485e-02	8.160377358490565891e-01
6.888633754305395485e-02	8.219339622641509413e-01
7.118254879448909778e-02	8.219339622641509413e-01
7.118254879448909778e-02	8.254716981132075304e-01
7.347876004592422683e-02	8.254716981132075304e-01
7.347876004592422683e-02	8.266509433962264675e-01
7.462686567164178442e-02	8.266509433962264675e-01
7.462686567164178442e-02	8.278301886792452935e-01
7.577497129735935588e-02	8.278301886792452935e-01
7.577497129735935588e-02	8.313679245283018826e-01
7.921928817451205640e-02	8.313679245283018826e-01
7.921928817451205640e-02	8.325471698113207086e-01
8.036739380022962786e-02	8.325471698113207086e-01
8.036739380022962786e-02	8.337264150943396457e-01
8.151549942594718545e-02	8.337264150943396457e-01
8.151549942594718545e-02	8.349056603773584717e-01
8.495981630309988597e-02	8.349056603773584717e-01
8.495981630309988597e-02	8.372641509433962348e-01
8.840413318025258649e-02	8.372641509433962348e-01
8.840413318025258649e-02	8.396226415094339979e-01
8.955223880597014408e-02	8.396226415094339979e-01
8.955223880597014408e-02	8.431603773584905870e-01
9.070034443168771554e-02	8.431603773584905870e-01
9.070034443168771554e-02	8.455188679245283501e-01
9.184845005740528701e-02	8.455188679245283501e-01
9.184845005740528701e-02	8.502358490566037652e-01
9.299655568312284459e-02	8.502358490566037652e-01
9.299655568312284459e-02	8.525943396226415283e-01
9.414466130884041606e-02	8.525943396226415283e-01
9.414466130884041606e-02	8.537735849056603543e-01
9.644087256027554511e-02	8.537735849056603543e-01
9.644087256027554511e-02	8.549528301886792914e-01
1.021814006888633747e-01	8.549528301886792914e-01
1.021814006888633747e-01	8.584905660377358805e-01
1.033295063145809461e-01	8.584905660377358805e-01
1.033295063145809461e-01	8.632075471698112956e-01
1.044776119402985037e-01	8.632075471698112956e-01
1.044776119402985037e-01	8.643867924528302327e-01
1.056257175660160752e-01	8.643867924528302327e-01
1.056257175660160752e-01	8.655660377358490587e-01
1.067738231917336328e-01	8.655660377358490587e-01
1.067738231917336328e-01	8.679245283018868218e-01
1.113662456946039048e-01	8.679245283018868218e-01
1.113662456946039048e-01	8.691037735849056478e-01
1.125143513203214762e-01	8.691037735849056478e-01
1.125143513203214762e-01	8.702830188679244738e-01
1.136624569460390338e-01	8.702830188679244738e-01
1.136624569460390338e-01	8.714622641509434109e-01
1.159586681974741629e-01	8.714622641509434109e-01
1.159586681974741629e-01	8.726415094339622369e-01
1.171067738231917343e-01	8.726415094339622369e-01
1.171067738231917343e-01	8.738207547169811740e-01
1.205510907003444349e-01	8.738207547169811740e-01
1.205510907003444349e-01	8.750000000000000000e-01
1.308840413318025364e-01	8.750000000000000000e-01
1.308840413318025364e-01	8.761792452830188260e-01
1.320321469575200801e-01	8.761792452830188260e-01
1.320321469575200801e-01	8.773584905660377631e-01
1.331802525832376516e-01	8.773584905660377631e-01
1.331802525832376516e-01	8.785377358490565891e-01
1.343283582089552231e-01	8.785377358490565891e-01
1.343283582089552231e-01	8.797169811320755262e-01
1.389207807118254812e-01	8.797169811320755262e-01
1.389207807118254812e-01	8.832547169811321153e-01
1.423650975889781956e-01	8.832547169811321153e-01
1.423650975889781956e-01	8.844339622641509413e-01
1.435132032146957393e-01	8.844339622641509413e-01
1.435132032146957393e-01	8.856132075471697673e-01
1.446613088404133107e-01	8.856132075471697673e-01
1.446613088404133107e-01	8.891509433962264675e-01
1.515499425947187118e-01	8.891509433962264675e-01
1.515499425947187118e-01	8.903301886792452935e-01
1.526980482204362832e-01	8.903301886792452935e-01
1.526980482204362832e-01	8.950471698113207086e-01
1.584385763490241128e-01	8.950471698113207086e-01
1.584385763490241128e-01	8.962264150943396457e-01
1.595866819747416843e-01	8.962264150943396457e-01
1.595866819747416843e-01	8.985849056603774088e-01
1.699196326061997719e-01	8.985849056603774088e-01
1.699196326061997719e-01	8.997641509433962348e-01
1.710677382319173434e-01	8.997641509433962348e-01
1.710677382319173434e-01	9.009433962264150608e-01
1.733639494833524586e-01	9.009433962264150608e-01
1.733639494833524586e-01	9.021226415094339979e-01
1.756601607347876015e-01	9.021226415094339979e-01
1.756601607347876015e-01	9.033018867924528239e-01
1.814006888633754311e-01	9.033018867924528239e-01
1.814006888633754311e-01	9.044811320754716499e-01
1.836969001148105740e-01	9.044811320754716499e-01
1.836969001148105740e-01	9.115566037735849392e-01
1.848450057405281177e-01	9.115566037735849392e-01
1.848450057405281177e-01	9.139150943396225912e-01
1.859931113662456892e-01	9.139150943396225912e-01
1.859931113662456892e-01	9.150943396226415283e-01
1.917336394948335188e-01	9.150943396226415283e-01
1.917336394948335188e-01	9.162735849056603543e-01
1.974741676234213483e-01	9.162735849056603543e-01
1.974741676234213483e-01	9.186320754716981174e-01
2.020665901262916064e-01	9.186320754716981174e-01
2.020665901262916064e-01	9.198113207547169434e-01
2.043628013777267494e-01	9.198113207547169434e-01
2.043628013777267494e-01	9.233490566037735325e-01
2.055109070034443208e-01	9.233490566037735325e-01
2.055109070034443208e-01	9.245283018867924696e-01
2.066590126291618923e-01	9.245283018867924696e-01
2.066590126291618923e-01	9.257075471698112956e-01
2.089552238805970075e-01	9.257075471698112956e-01
2.089552238805970075e-01	9.268867924528302327e-01
2.146957520091848370e-01	9.268867924528302327e-01
2.146957520091848370e-01	9.292452830188678847e-01
2.158438576349024085e-01	9.292452830188678847e-01
2.158438576349024085e-01	9.316037735849056478e-01
2.204362801377726666e-01	9.316037735849056478e-01
2.204362801377726666e-01	9.327830188679244738e-01
2.250287026406429525e-01	9.327830188679244738e-01
2.250287026406429525e-01	9.339622641509434109e-01
2.319173363949483258e-01	9.339622641509434109e-01
2.319173363949483258e-01	9.351415094339622369e-01
2.330654420206658972e-01	9.351415094339622369e-01
2.330654420206658972e-01	9.363207547169811740e-01
2.353616532721010401e-01	9.363207547169811740e-01
2.353616532721010401e-01	9.375000000000000000e-01
2.365097588978186116e-01	9.375000000000000000e-01
2.365097588978186116e-01	9.386792452830188260e-01
2.456946039035591278e-01	9.386792452830188260e-01
2.456946039035591278e-01	9.398584905660377631e-01
2.502870264064294137e-01	9.398584905660377631e-01
2.502870264064294137e-01	9.410377358490565891e-01
2.606199770378874736e-01	9.410377358490565891e-01
2.606199770378874736e-01	9.422169811320755262e-01
2.755453501722158194e-01	9.422169811320755262e-01
2.755453501722158194e-01	9.433962264150943522e-01
2.801377726750861052e-01	9.433962264150943522e-01
2.801377726750861052e-01	9.457547169811321153e-01
2.904707233065442207e-01	9.457547169811321153e-01
2.904707233065442207e-01	9.469339622641509413e-01
3.088404133180252531e-01	9.469339622641509413e-01
3.088404133180252531e-01	9.481132075471697673e-01
3.122847301951779397e-01	9.481132075471697673e-01
3.122847301951779397e-01	9.492924528301887044e-01
3.157290470723306819e-01	9.492924528301887044e-01
3.157290470723306819e-01	9.504716981132075304e-01
3.203214695752009122e-01	9.504716981132075304e-01
3.203214695752009122e-01	9.528301886792452935e-01
3.249138920780711981e-01	9.528301886792452935e-01
3.249138920780711981e-01	9.540094339622641195e-01
3.409873708381170876e-01	9.540094339622641195e-01
3.409873708381170876e-01	9.551886792452830566e-01
3.421354764638346868e-01	9.551886792452830566e-01
3.421354764638346868e-01	9.563679245283018826e-01
3.559127439724454889e-01	9.563679245283018826e-01
3.559127439724454889e-01	9.575471698113207086e-01
3.754305396096440650e-01	9.575471698113207086e-01
3.754305396096440650e-01	9.587264150943396457e-01
3.765786452353616642e-01	9.587264150943396457e-01
3.765786452353616642e-01	9.599056603773584717e-01
3.846153846153846367e-01	9.599056603773584717e-01
3.846153846153846367e-01	9.622641509433962348e-01
3.972445464982778396e-01	9.622641509433962348e-01
3.972445464982778396e-01	9.634433962264150608e-01
3.983926521239953833e-01	9.634433962264150608e-01
3.983926521239953833e-01	9.646226415094339979e-01
4.018369690011481254e-01	9.646226415094339979e-01
4.018369690011481254e-01	9.658018867924528239e-01
4.362801377726751029e-01	9.658018867924528239e-01
4.362801377726751029e-01	9.669811320754716499e-01
4.718714121699196240e-01	9.669811320754716499e-01
4.718714121699196240e-01	9.681603773584905870e-01
4.833524684270952831e-01	9.681603773584905870e-01
4.833524684270952831e-01	9.693396226415094130e-01
4.959816303099885415e-01	9.693396226415094130e-01
4.959816303099885415e-01	9.705188679245283501e-01
5.086107921928817444e-01	9.705188679245283501e-01
5.086107921928817444e-01	9.728773584905660021e-01
5.292766934557979752e-01	9.728773584905660021e-01
5.292766934557979752e-01	9.752358490566037652e-01
5.407577497129736344e-01	9.752358490566037652e-01
5.407577497129736344e-01	9.775943396226415283e-01
5.510907003444316388e-01	9.775943396226415283e-01
5.510907003444316388e-01	9.787735849056603543e-01
5.522388059701492935e-01	9.787735849056603543e-01
5.522388059701492935e-01	9.799528301886792914e-01
5.591274397244546668e-01	9.799528301886792914e-01
5.591274397244546668e-01	9.811320754716981174e-01
5.774971297359356992e-01	9.811320754716981174e-01
5.774971297359356992e-01	9.823113207547169434e-01
5.947187141216991879e-01	9.823113207547169434e-01
5.947187141216991879e-01	9.834905660377358805e-01
6.142365097588977640e-01	9.834905660377358805e-01
6.142365097588977640e-01	9.846698113207547065e-01
6.659012629161883412e-01	9.846698113207547065e-01
6.659012629161883412e-01	9.858490566037735325e-01
6.796785304247990878e-01	9.858490566037735325e-01
6.796785304247990878e-01	9.870283018867924696e-01
7.049368541905854935e-01	9.870283018867924696e-01
7.049368541905854935e-01	9.882075471698112956e-01
7.072330654420206919e-01	9.882075471698112956e-01
7.072330654420206919e-01	9.893867924528302327e-01
7.175660160734788073e-01	9.893867924528302327e-01
7.175660160734788073e-01	9.905660377358490587e-01
7.761194029850746468e-01	9.905660377358490587e-01
7.761194029850746468e-01	9.917452830188678847e-01
8.404133180252583157e-01	9.917452830188678847e-01
8.404133180252583157e-01	9.929245283018868218e-01
8.564867967853042607e-01	9.929245283018868218e-01
8.564867967853042607e-01	9.941037735849056478e-01
8.599311136624568919e-01	9.941037735849056478e-01
8.599311136624568919e-01	9.952830188679244738e-01
8.760045924225028369e-01	9.952830188679244738e-01
8.760045924225028369e-01	9.964622641509434109e-01
8.874856486796784960e-01	9.964622641509434109e-01
8.874856486796784960e-01	9.976415094339622369e-01
9.115958668197474690e-01	9.976415094339622369e-01
9.115958668197474690e-01	9.988207547169811740e-01
9.931113662456946267e-01	9.988207547169811740e-01
9.931113662456946267e-01	1.000000000000000000e+00
1.000000000000000000e+00	1.000000000000000000e+00
